[gd_scene load_steps=16 format=3 uid="uid://caso8wb3rns5i"]

[ext_resource type="Script" uid="uid://nxbm6k3pn0w6" path="res://scripts/enemies/Zombie.cs" id="1_bk3ra"]
[ext_resource type="ArrayMesh" uid="uid://ck6jw0fcm4g7c" path="res://assets/mutant/mutant.tres" id="2_bk3ra"]
[ext_resource type="ArrayMesh" uid="uid://dfllf1wt02w08" path="res://assets/mutant/hurt_mutant.tres" id="2_w21n5"]
[ext_resource type="Script" uid="uid://wc8v1fq0wvs1" path="res://scripts/weapons/SwappableMesh.cs" id="3_8l4co"]

[sub_resource type="Skin" id="Skin_7jt4t"]
resource_name = "Skin"
bind_count = 37
bind/0/name = &"mixamorig_Hips"
bind/0/bone = -1
bind/0/pose = Transform3D(1, 1.64103e-06, 1.23603e-07, -1.64103e-06, 1, -1.51461e-28, -1.23603e-07, -2.02836e-13, 1, -1.52448e-06, -0.925549, -0.045525)
bind/1/name = &"mixamorig_Spine"
bind/1/bone = -1
bind/1/pose = Transform3D(0.999999, 0.00145232, -0.000187322, -0.00144883, 0.999847, 0.0174137, 0.000212583, -0.0174134, 0.999848, -0.00148966, -1.03404, -0.0399601)
bind/2/name = &"mixamorig_Spine1"
bind/2/bone = -1
bind/2/pose = Transform3D(0.999999, 0.00165036, -0.000212866, -0.00166125, 0.997517, -0.0704031, 9.61472e-05, 0.0704033, 0.997519, -0.0017186, -1.15667, -0.142021)
bind/3/name = &"mixamorig_Spine2"
bind/3/bone = -1
bind/3/pose = Transform3D(1, -1.51619e-19, 4.06576e-20, 1.51619e-19, 1, 0, -4.06576e-20, 6.16446e-39, 1, 0.00040557, -1.29368, -0.0510681)
bind/4/name = &"mixamorig_Neck"
bind/4/bone = -1
bind/4/pose = Transform3D(1, -1.51619e-19, 4.06576e-20, 1.51619e-19, 1, 0, -4.06576e-20, 6.16446e-39, 1, 0.000524841, -1.54039, -0.0713491)
bind/5/name = &"mixamorig_Head"
bind/5/bone = -1
bind/5/pose = Transform3D(1, -1.51619e-19, 4.06576e-20, 1.51619e-19, 1, 0, -4.06576e-20, 6.16446e-39, 1, 0.000524841, -1.62856, -0.132375)
bind/6/name = &"mixamorig_HeadTop_End"
bind/6/bone = -1
bind/6/pose = Transform3D(1, -1.51619e-19, 4.06576e-20, 1.51619e-19, 1, 0, -4.06576e-20, 6.16446e-39, 1, 0.00052484, -1.8335, -0.12955)
bind/7/name = &"mixamorig_LeftShoulder"
bind/7/bone = -1
bind/7/pose = Transform3D(-0.0515121, 1.21429e-16, -0.998672, 0.992098, 0.114556, -0.0511729, 0.114404, -0.993417, -0.005901, 0.00369174, -0.261043, 1.43387)
bind/8/name = &"mixamorig_LeftArm"
bind/8/bone = -1
bind/8/pose = Transform3D(-0.055236, 1.92846e-08, -0.998473, 0.998473, -3.46472e-06, -0.055236, -3.4605e-06, -1, 1.72122e-07, 0.00471437, -0.274213, 1.475)
bind/9/name = &"mixamorig_LeftForeArm"
bind/9/bone = -1
bind/9/pose = Transform3D(6.64207e-07, 6.34835e-28, -1, 1, 1.31179e-05, 6.64207e-07, 1.31179e-05, -1, 8.71298e-12, -0.0250305, -0.537827, 1.47499)
bind/10/name = &"mixamorig_LeftHand"
bind/10/bone = -1
bind/10/pose = Transform3D(6.64207e-07, 6.34835e-28, -1, 1, 1.31179e-05, 6.64207e-07, 1.31179e-05, -1, 8.71298e-12, -0.0250305, -0.805361, 1.47499)
bind/11/name = &"mixamorig_RightShoulder"
bind/11/bone = -1
bind/11/pose = Transform3D(-0.0517459, 1.19697e-16, 0.99866, -0.992025, 0.115079, -0.0514021, -0.114925, -0.993356, -0.00595488, -0.00375597, -0.262602, 1.43364)
bind/12/name = &"mixamorig_RightArm"
bind/12/bone = -1
bind/12/pose = Transform3D(-0.0552361, 1.70419e-08, 0.998473, -0.998473, -1.03968e-05, -0.0552361, 1.038e-05, -1, 5.91295e-07, -0.00471446, -0.274203, 1.475)
bind/13/name = &"mixamorig_RightForeArm"
bind/13/bone = -1
bind/13/pose = Transform3D(5.94423e-07, 3.62957e-27, 1, -1, 1.31179e-05, 5.94423e-07, -1.31179e-05, -1, 7.79758e-12, 0.0250305, -0.537827, 1.47499)
bind/14/name = &"mixamorig_RightHand"
bind/14/bone = -1
bind/14/pose = Transform3D(5.94423e-07, 3.62957e-27, 1, -1, 1.31179e-05, 5.94423e-07, -1.31179e-05, -1, 7.79758e-12, 0.0250305, -0.805361, 1.47499)
bind/15/name = &"mixamorig_RightHandIndex1"
bind/15/bone = -1
bind/15/pose = Transform3D(2.77292e-07, -1.2326e-32, 1, -1, -1.06026e-10, 2.77292e-07, 1.06026e-10, -1, -2.94001e-17, -0.0615122, -0.98982, 1.4898)
bind/16/name = &"mixamorig_RightHandIndex2"
bind/16/bone = -1
bind/16/pose = Transform3D(1.62075e-11, -7.52316e-37, 1, -1, -1.06026e-10, 1.62075e-11, 1.06026e-10, -1, -1.71842e-21, -0.0615125, -1.06496, 1.4898)
bind/17/name = &"mixamorig_RightHandIndex3"
bind/17/bone = -1
bind/17/pose = Transform3D(0.0305808, 3.24241e-12, 0.999532, -0.995433, -0.0904703, 0.0304554, 0.090428, -0.995899, -0.00276665, -0.026626, -1.00174, 1.58693)
bind/18/name = &"mixamorig_RightHandIndex4"
bind/18/bone = -1
bind/18/pose = Transform3D(0.0305808, 3.24241e-12, 0.999532, -0.995433, -0.0904703, 0.0304554, 0.090428, -0.995899, -0.00276665, -0.026626, -1.06944, 1.58693)
bind/19/name = &"mixamorig_RightHandPinky1"
bind/19/bone = -1
bind/19/pose = Transform3D(-1.06026e-10, 1, 1.13572e-06, -1, -1.06026e-10, -1.9929e-11, -1.99289e-11, -1.13572e-06, 1, -1.47022, -0.98042, 0.125062)
bind/20/name = &"mixamorig_RightHandPinky2"
bind/20/bone = -1
bind/20/pose = Transform3D(-1.06026e-10, 1, 1.13572e-06, -1, -1.06026e-10, -1.9929e-11, -1.99289e-11, -1.13572e-06, 1, -1.47022, -1.05086, 0.125062)
bind/21/name = &"mixamorig_RightHandPinky3"
bind/21/bone = -1
bind/21/pose = Transform3D(-1.06026e-10, 1, 1.13572e-06, -1, -1.06026e-10, -1.9929e-11, -1.99289e-11, -1.13572e-06, 1, -1.47022, -1.12165, 0.125062)
bind/22/name = &"mixamorig_RightHandPinky4"
bind/22/bone = -1
bind/22/pose = Transform3D(-1.06026e-10, 1, 1.13572e-06, -1, -1.06026e-10, -1.9929e-11, -1.99289e-11, -1.13572e-06, 1, -1.47022, -1.19258, 0.125062)
bind/23/name = &"mixamorig_RightHandThumb1"
bind/23/bone = -1
bind/23/pose = Transform3D(0.688556, 0.0945505, 0.718993, -0.630444, -0.411916, 0.657925, 0.358372, -0.906303, -0.224018, 0.410108, 0.0417412, 1.60224)
bind/24/name = &"mixamorig_RightHandThumb2"
bind/24/bone = -1
bind/24/pose = Transform3D(0.525999, -0.00739684, 0.850453, -0.798325, -0.349099, 0.490722, 0.293262, -0.937057, -0.189531, 0.39198, -0.28297, 1.58292)
bind/25/name = &"mixamorig_RightHandThumb3"
bind/25/bone = -1
bind/25/pose = Transform3D(0.411263, -0.0702503, 0.908806, -0.888525, -0.253418, 0.382496, 0.203438, -0.964803, -0.166641, 0.358106, -0.568898, 1.53061)
bind/26/name = &"mixamorig_RightHandThumb4"
bind/26/bone = -1
bind/26/pose = Transform3D(0.411263, -0.0702503, 0.908806, -0.888525, -0.253418, 0.382496, 0.203438, -0.964803, -0.166641, 0.358106, -0.64915, 1.53061)
bind/27/name = &"mixamorig_LeftUpLeg"
bind/27/bone = -1
bind/27/pose = Transform3D(-1, -7.48515e-07, -1.23603e-07, 7.42785e-07, -0.999151, 0.0412087, -1.54343e-07, 0.0412087, 0.999151, 0.13656, 0.851541, -0.0819825)
bind/28/name = &"mixamorig_LeftLeg"
bind/28/bone = -1
bind/28/pose = Transform3D(-1, 9.53569e-09, -1.23603e-07, 1.55348e-16, -0.997037, -0.0769194, -1.2397e-07, -0.0769194, 0.997037, 0.13656, 0.498279, -0.0233783)
bind/29/name = &"mixamorig_LeftFoot"
bind/29/bone = -1
bind/29/pose = Transform3D(-1, -1.07817e-06, -1.09851e-06, 1.69272e-16, -0.713683, 0.700469, -1.53921e-06, 0.700469, 0.713683, 0.13656, 0.0837957, -0.131522)
bind/30/name = &"mixamorig_LeftToeBase"
bind/30/bone = -1
bind/30/pose = Transform3D(-1, -1.64103e-06, 3.62841e-16, 3.6284e-16, 1.60813e-16, 1, -1.64103e-06, 1, -1.60812e-16, 0.13656, -0.184285, -2.04177e-06)
bind/31/name = &"mixamorig_LeftToe_End"
bind/31/bone = -1
bind/31/pose = Transform3D(-1, -1.64103e-06, 3.62841e-16, 3.6284e-16, 1.60813e-16, 1, -1.64103e-06, 1, -1.60812e-16, 0.13656, -0.353123, -2.04177e-06)
bind/32/name = &"mixamorig_RightUpLeg"
bind/32/bone = -1
bind/32/pose = Transform3D(-1, 7.38319e-07, -1.23603e-07, -7.42785e-07, -0.999151, 0.0412087, -9.30725e-08, 0.0412087, 0.999151, -0.13656, 0.851541, -0.0819825)
bind/33/name = &"mixamorig_RightLeg"
bind/33/bone = -1
bind/33/pose = Transform3D(-1, -1.06628e-08, -1.23603e-07, 2.01386e-08, -0.997037, -0.0769194, -1.22416e-07, -0.0769194, 0.997037, -0.13656, 0.498279, -0.0233783)
bind/34/name = &"mixamorig_RightFoot"
bind/34/bone = -1
bind/34/pose = Transform3D(-1, -1.08565e-06, -1.08555e-06, 1.4419e-08, -0.713683, 0.700469, -1.53521e-06, 0.700469, 0.713683, -0.13656, 0.0837957, -0.131523)
bind/35/name = &"mixamorig_RightToeBase"
bind/35/bone = -1
bind/35/pose = Transform3D(-1, -1.64103e-06, -3.04357e-14, -6.35869e-15, -1.46719e-08, 1, -1.64103e-06, 1, 1.46719e-08, -0.13656, -0.184285, -2.49267e-06)
bind/36/name = &"mixamorig_RightToe_End"
bind/36/bone = -1
bind/36/pose = Transform3D(-1, -1.64103e-06, -3.04357e-14, -6.35869e-15, -1.46719e-08, 1, -1.64103e-06, 1, 1.46719e-08, -0.13656, -0.353123, -2.49267e-06)

[sub_resource type="CapsuleShape3D" id="CapsuleShape3D_w21n5"]
radius = 0.314008
height = 1.55168

[sub_resource type="Animation" id="Animation_u5mei"]
resource_name = "idle"
length = 4.01667
loop_mode = 1
step = 0.0166667

[sub_resource type="Animation" id="Animation_qh7iw"]
resource_name = "walk"
length = 1.1

[sub_resource type="Animation" id="Animation_bk3ra"]
resource_name = "run"
length = 0.866667
loop_mode = 1
step = 0.0166667

[sub_resource type="Animation" id="Animation_ogax7"]
resource_name = "swipe"
length = 2.08334
step = 0.0166667

[sub_resource type="Animation" id="Animation_bh64u"]
resource_name = "walk"
length = 1.41667
loop_mode = 1
step = 0.0166667

[sub_resource type="AnimationLibrary" id="AnimationLibrary_w21n5"]
_data = {
&"idle": SubResource("Animation_u5mei"),
&"punch": SubResource("Animation_qh7iw"),
&"run": SubResource("Animation_bk3ra"),
&"swipe": SubResource("Animation_ogax7"),
&"walk": SubResource("Animation_bh64u")
}

[sub_resource type="AnimationNodeStateMachine" id="AnimationNodeStateMachine_bk3ra"]

[sub_resource type="AnimationNodeTimeScale" id="AnimationNodeTimeScale_8l4co"]

[sub_resource type="AnimationNodeBlendTree" id="AnimationNodeBlendTree_sqocr"]
nodes/StateMachine/node = SubResource("AnimationNodeStateMachine_bk3ra")
nodes/StateMachine/position = Vector2(-20, 140)
nodes/TimeScale/node = SubResource("AnimationNodeTimeScale_8l4co")
nodes/TimeScale/position = Vector2(285.5, 163.979)
nodes/output/position = Vector2(440, 120)
node_connections = [&"TimeScale", 0, &"StateMachine", &"output", 0, &"TimeScale"]

[node name="Mutant" type="CharacterBody3D"]
transform = Transform3D(2, 0, 0, 0, 2, 0, 0, 0, 2, 0, 0, 0)
floor_max_angle = 1.0472
script = ExtResource("1_bk3ra")

[node name="Skeleton3D" type="Skeleton3D" parent="."]
transform = Transform3D(2, 0, 0, 0, 2, 0, 0, 0, 2, 0, 0, 0)
animate_physical_bones = false
bones/0/name = "mixamorig_Hips"
bones/0/parent = -1
bones/0/rest = Transform3D(1, -1.74533e-06, 0, 1.74533e-06, 1, 0, 0, 0, 1, 0, 0.925549, 0.045525)
bones/0/enabled = true
bones/0/position = Vector3(0, 0.925549, 0.045525)
bones/0/rotation = Quaternion(0, 0, 8.72665e-07, 1)
bones/0/scale = Vector3(1, 1, 1)
bones/1/name = "mixamorig_Spine"
bones/1/parent = 0
bones/1/rest = Transform3D(0.999999, -0.00144719, 0.000212678, 0.00145067, 0.999847, -0.0174134, -0.000187445, 0.0174137, 0.999848, 1.78176e-07, 0.107639, 0.0124352)
bones/1/enabled = true
bones/1/position = Vector3(1.78176e-07, 0.107639, 0.0124352)
bones/1/rotation = Quaternion(0.00870711, 0.000100035, 0.000724492, 0.999962)
bones/1/scale = Vector3(1, 1, 1)
bones/2/name = "mixamorig_Spine1"
bones/2/parent = 1
bones/2/rest = Transform3D(1, -0.000199353, 1.15379e-05, 0.000197571, 0.996141, 0.0877629, -2.89892e-05, -0.0877629, 0.996141, 2.1684e-19, 0.130633, -1.66533e-16)
bones/2/enabled = true
bones/2/position = Vector3(8.32667e-19, 0.130633, -1.42109e-16)
bones/2/rotation = Quaternion(-0.0439239, 1.01416e-05, 9.93268e-05, 0.999035)
bones/2/scale = Vector3(1, 1, 1)
bones/3/name = "mixamorig_Spine2"
bones/3/parent = 2
bones/3/rest = Transform3D(0.999999, 0.00165036, -0.000212866, -0.00166125, 0.997517, -0.0704031, 9.61472e-05, 0.0704034, 0.997519, -1.4962e-17, 0.130205, -2.498e-16)
bones/3/enabled = true
bones/3/position = Vector3(-1.47105e-17, 0.130205, -2.4869e-16)
bones/3/rotation = Quaternion(0.0352235, -7.73013e-05, -0.000828416, 0.999379)
bones/3/scale = Vector3(1, 1, 1)
bones/4/name = "mixamorig_Neck"
bones/4/parent = 3
bones/4/rest = Transform3D(1, 0, -6.01853e-36, 0, 1, 0, 6.01853e-36, 0, 1, -0.000119271, 0.246707, 0.020281)
bones/4/enabled = true
bones/4/position = Vector3(-0.000119271, 0.246707, 0.020281)
bones/4/rotation = Quaternion(0, -3.00927e-36, 0, 1)
bones/4/scale = Vector3(1, 1, 1)
bones/5/name = "mixamorig_Head"
bones/5/parent = 4
bones/5/rest = Transform3D(1, 0, -6.01853e-36, 0, 1, 0, 6.01853e-36, 0, 1, -1.0842e-19, 0.0881732, 0.0610262)
bones/5/enabled = true
bones/5/position = Vector3(-2.08167e-19, 0.0881732, 0.0610262)
bones/5/rotation = Quaternion(0, -3.00927e-36, 0, 1)
bones/5/scale = Vector3(1, 1, 1)
bones/6/name = "mixamorig_HeadTop_End"
bones/6/parent = 5
bones/6/rest = Transform3D(1, 0, -6.01853e-36, 0, 1, 0, 6.01853e-36, 0, 1, 1.1066e-09, 0.204939, -0.00282504)
bones/6/enabled = true
bones/6/position = Vector3(1.1066e-09, 0.204939, -0.00282504)
bones/6/rotation = Quaternion(1.09288e-16, 3.89828e-18, 3.79032e-19, 1)
bones/6/scale = Vector3(1, 1, 1)
bones/7/name = "mixamorig_LeftShoulder"
bones/7/parent = 3
bones/7/rest = Transform3D(-0.051512, 0.992098, 0.114404, 5.96046e-08, 0.114556, -0.993417, -0.998672, -0.0511729, -0.0059011, 0.0955357, 0.160654, -0.0522783)
bones/7/enabled = true
bones/7/position = Vector3(0.0955357, 0.160654, -0.0522783)
bones/7/rotation = Quaternion(0.458212, 0.541288, -0.482456, 0.514087)
bones/7/scale = Vector3(1, 1, 1)
bones/8/name = "mixamorig_LeftArm"
bones/8/parent = 7
bones/8/rest = Transform3D(0.999993, 0.00372924, 6.37374e-09, -0.00370469, 0.99341, -0.114559, -0.000427225, 0.114558, 0.993416, 2.0383e-17, 0.180355, -2.22045e-16)
bones/8/enabled = true
bones/8/position = Vector3(-2.38698e-17, 0.180355, -2.84217e-16)
bones/8/rotation = Quaternion(0.0573738, 0.000106985, -0.00186155, 0.998351)
bones/8/scale = Vector3(1, 1, 1)
bones/9/name = "mixamorig_LeftForeArm"
bones/9/parent = 8
bones/9/rest = Transform3D(0.998473, -0.0552367, -7.43871e-07, 0.0552367, 0.998473, 1.65626e-05, -1.72125e-07, -1.65784e-05, 1, 3.72966e-17, 0.264151, -1.55431e-15)
bones/9/enabled = true
bones/9/position = Vector3(1.33227e-17, 0.264151, -5.68434e-16)
bones/9/rotation = Quaternion(-8.28842e-06, -1.42992e-07, 0.0276289, 0.999618)
bones/9/scale = Vector3(1, 1, 1)
bones/10/name = "mixamorig_LeftHand"
bones/10/parent = 9
bones/10/rest = Transform3D(1, 0, -8.07794e-28, 0, 1, -1.69407e-21, 8.07794e-28, 1.69407e-21, 1, -4.51028e-17, 0.267534, -6.66134e-16)
bones/10/enabled = true
bones/10/position = Vector3(-1.02141e-16, 0.267534, -2.84217e-16)
bones/10/rotation = Quaternion(0, 0, 0, 1)
bones/10/scale = Vector3(1, 1, 1)
bones/11/name = "mixamorig_RightShoulder"
bones/11/parent = 3
bones/11/rest = Transform3D(-0.0517459, -0.992025, -0.114925, 2.98023e-08, 0.115079, -0.993356, 0.99866, -0.0514021, -0.00595486, -0.0955357, 0.160654, -0.0522783)
bones/11/enabled = true
bones/11/position = Vector3(-0.0955357, 0.160654, -0.0522783)
bones/11/rotation = Quaternion(0.45802, -0.541475, 0.482367, 0.514144)
bones/11/scale = Vector3(1, 1, 1)
bones/12/name = "mixamorig_RightArm"
bones/12/parent = 11
bones/12/rest = Transform3D(0.999994, -0.00349514, 5.33619e-08, 0.00347192, 0.993349, -0.11509, 0.0004022, 0.115089, 0.993355, 1.58727e-16, 0.179551, 2.22045e-15)
bones/12/enabled = true
bones/12/position = Vector3(1.54321e-16, 0.179551, 1.42109e-15)
bones/12/rotation = Quaternion(0.0576406, -0.000100704, 0.00174467, 0.998336)
bones/12/scale = Vector3(1, 1, 1)
bones/13/name = "mixamorig_RightForeArm"
bones/13/parent = 12
bones/13/rest = Transform3D(0.998473, 0.0552367, 7.07548e-07, -0.0552367, 0.998473, 2.34947e-05, 5.91301e-07, -2.34979e-05, 1, 3.51282e-16, 0.264151, 2.44249e-15)
bones/13/enabled = true
bones/13/position = Vector3(3.83027e-16, 0.264151, 1.98952e-15)
bones/13/rotation = Quaternion(-1.17526e-05, 2.9073e-08, -0.0276289, 0.999618)
bones/13/scale = Vector3(1, 1, 1)
bones/14/name = "mixamorig_RightHand"
bones/14/parent = 13
bones/14/rest = Transform3D(1, -5.29396e-23, -8.07794e-28, 5.29396e-23, 1, 8.47033e-22, 8.07794e-28, -8.47033e-22, 1, -3.49616e-14, 0.267534, -8.64642e-13)
bones/14/enabled = true
bones/14/position = Vector3(-3.50164e-14, 0.267534, -8.64588e-13)
bones/14/rotation = Quaternion(-4.23517e-22, -4.03897e-28, 2.64698e-23, 1)
bones/14/scale = Vector3(1, 1, 1)
bones/15/name = "mixamorig_RightHandIndex1"
bones/15/parent = 14
bones/15/rest = Transform3D(1, -3.17131e-07, 3.38271e-17, 3.17131e-07, 1, -1.3118e-05, 4.16009e-12, 1.3118e-05, 1, 0.0865424, 0.184478, -0.0147965)
bones/15/enabled = true
bones/15/position = Vector3(0.0865424, 0.184478, -0.0147965)
bones/15/rotation = Quaternion(6.559e-06, -1.04001e-12, 1.58565e-07, 1)
bones/15/scale = Vector3(1, 1, 1)
bones/16/name = "mixamorig_RightHandIndex2"
bones/16/parent = 15
bones/16/rest = Transform3D(1, -2.77276e-07, 2.93984e-17, 2.77276e-07, 1, 4.0822e-24, -2.93984e-17, 4.06927e-24, 1, -2.08383e-08, 0.0751438, 1.04583e-13)
bones/16/enabled = true
bones/16/position = Vector3(-2.78337e-13, 0.0751438, 1.04592e-13)
bones/16/rotation = Quaternion(-3.23275e-27, 1.46992e-17, 1.38638e-07, 1)
bones/16/scale = Vector3(1, 1, 1)
bones/17/name = "mixamorig_RightHandIndex3"
bones/17/parent = 16
bones/17/rest = Transform3D(0.999532, 0.0304554, -0.00276665, -0.0305808, 0.995433, -0.090428, 0, 0.0904703, 0.995899, -2.98526e-12, 0.0748939, 9.10383e-15)
bones/17/enabled = true
bones/17/position = Vector3(-5.57554e-13, 0.0748939, 8.52651e-15)
bones/17/rotation = Quaternion(0.0452763, -0.000692455, -0.0152765, 0.998857)
bones/17/scale = Vector3(1, 1, 1)
bones/18/name = "mixamorig_RightHandIndex4"
bones/18/parent = 17
bones/18/rest = Transform3D(1, 0, -4.33681e-19, 0, 1, 1.92593e-34, 4.33681e-19, -1.92593e-34, 1, -8.06494e-13, 0.0676971, 7.99361e-15)
bones/18/enabled = true
bones/18/position = Vector3(-8.0651e-13, 0.0676971, 8.52651e-15)
bones/18/rotation = Quaternion(0, 0, 0, 1)
bones/18/scale = Vector3(1, 1, 1)
bones/19/name = "mixamorig_RightHandPinky1"
bones/19/parent = 14
bones/19/rest = Transform3D(1.19209e-06, -5.94443e-07, 1, 1.3118e-05, 1, 5.94428e-07, -1, 1.3118e-05, 1.19209e-06, -0.100031, 0.175078, 0.00477967)
bones/19/enabled = true
bones/19/position = Vector3(-0.100031, 0.175078, 0.00477967)
bones/19/rotation = Quaternion(4.42775e-06, 0.707106, 4.84808e-06, 0.707107)
bones/19/scale = Vector3(1, 1, 1)
bones/20/name = "mixamorig_RightHandPinky2"
bones/20/parent = 19
bones/20/rest = Transform3D(1, 1.29247e-26, -2.11758e-22, -1.29247e-26, 1, 0, 2.11758e-22, 0, 1, -9.90319e-14, 0.0704422, 1.7486e-15)
bones/20/enabled = true
bones/20/position = Vector3(-9.89075e-14, 0.0704422, 1.74083e-15)
bones/20/rotation = Quaternion(0, -1.05879e-22, -6.46235e-27, 1)
bones/20/scale = Vector3(1, 1, 1)
bones/21/name = "mixamorig_RightHandPinky3"
bones/21/parent = 20
bones/21/rest = Transform3D(1, 1.29247e-26, -2.11758e-22, -1.29247e-26, 1, 0, 2.11758e-22, 0, 1, -5.9952e-15, 0.070789, 7.49401e-16)
bones/21/enabled = true
bones/21/position = Vector3(-5.96856e-15, 0.070789, 7.28306e-16)
bones/21/rotation = Quaternion(0, -1.05879e-22, -6.46235e-27, 1)
bones/21/scale = Vector3(1, 1, 1)
bones/22/name = "mixamorig_RightHandPinky4"
bones/22/parent = 21
bones/22/rest = Transform3D(1, 1.29247e-26, -2.11758e-22, -1.29247e-26, 1, 0, 2.11758e-22, 0, 1, -7.32747e-15, 0.0709296, 8.60423e-16)
bones/22/enabled = true
bones/22/position = Vector3(-7.38964e-15, 0.0709296, 8.52651e-16)
bones/22/rotation = Quaternion(-2.71296e-16, 1.0365e-16, -1.11022e-16, 1)
bones/22/scale = Vector3(1, 1, 1)
bones/23/name = "mixamorig_RightHandThumb1"
bones/23/parent = 14
bones/23/rest = Transform3D(0.718993, 0.657925, -0.224018, -0.688555, 0.630439, -0.358384, -0.0945595, 0.411924, 0.906299, 0.0616347, 0.0249229, 0.0444638)
bones/23/enabled = true
bones/23/position = Vector3(0.0616347, 0.0249229, 0.0444638)
bones/23/rotation = Quaternion(0.213457, -0.0358738, -0.373117, 0.902182)
bones/23/scale = Vector3(1, 1, 1)
bones/24/name = "mixamorig_RightHandThumb2"
bones/24/parent = 23
bones/24/rest = Transform3D(0.97295, -0.229873, -0.0229428, 0.230968, 0.969957, 0.0764061, 0.0046898, -0.0796384, 0.996813, 2.77556e-16, 0.10473, 5.77316e-15)
bones/24/enabled = true
bones/24/position = Vector3(3.55271e-16, 0.10473, 5.40012e-15)
bones/24/rotation = Quaternion(-0.0393084, -0.00696081, 0.116088, 0.992436)
bones/24/scale = Vector3(1, 1, 1)
bones/25/name = "mixamorig_RightHandThumb3"
bones/25/parent = 24
bones/25/rest = Transform3D(0.98974, -0.140194, -0.0275756, 0.142174, 0.985498, 0.0926276, 0.0141898, -0.0955978, 0.995319, 8.32667e-16, 0.0849876, 3.77476e-15)
bones/25/enabled = true
bones/25/position = Vector3(8.52651e-16, 0.0849876, 3.97904e-15)
bones/25/rotation = Quaternion(-0.0472305, -0.01048, 0.0708533, 0.996313)
bones/25/scale = Vector3(1, 1, 1)
bones/26/name = "mixamorig_RightHandThumb4"
bones/26/parent = 25
bones/26/rest = Transform3D(1, 2.77556e-17, -1.38778e-17, -2.77556e-17, 1, -1.38778e-17, 1.38778e-17, 1.38778e-17, 1, 1.22125e-15, 0.0802527, 7.32747e-15)
bones/26/enabled = true
bones/26/position = Vector3(1.27898e-15, 0.0802527, 7.67386e-15)
bones/26/rotation = Quaternion(0, 0, 0, 1)
bones/26/scale = Vector3(1, 1, 1)
bones/27/name = "mixamorig_LeftUpLeg"
bones/27/parent = 0
bones/27/rest = Transform3D(-1, -8.91762e-07, 3.67796e-08, 8.9252e-07, -0.999151, 0.0412087, 0, 0.0412087, 0.999151, 0.13656, -0.0713526, 0.00129695)
bones/27/enabled = true
bones/27/position = Vector3(0.13656, -0.0713526, 0.00129695)
bones/27/rotation = Quaternion(9.19685e-09, 0.0206087, 0.999788, 4.46165e-07)
bones/27/scale = Vector3(1, 1, 1)
bones/28/name = "mixamorig_LeftLeg"
bones/28/parent = 27
bones/28/rest = Transform3D(1, 7.55804e-07, 5.83087e-08, -7.57406e-07, 0.993021, 0.117941, 3.12383e-08, -0.117941, 0.993021, 2.77556e-17, 0.359497, -6.93889e-17)
bones/28/enabled = true
bones/28/position = Vector3(5.32907e-17, 0.359497, -5.32907e-17)
bones/28/rotation = Quaternion(-0.0590736, 6.77949e-09, -3.78964e-07, 0.998254)
bones/28/scale = Vector3(1, 1, 1)
bones/29/name = "mixamorig_LeftFoot"
bones/29/parent = 28
bones/29/rest = Transform3D(1, -9.33853e-08, 1.45768e-06, 1.15947e-06, 0.657688, -0.75329, -8.88353e-07, 0.75329, 0.657688, -8.32667e-17, 0.344093, -2.498e-16)
bones/29/enabled = true
bones/29/position = Vector3(-7.10543e-17, 0.344093, -2.75335e-16)
bones/29/rotation = Quaternion(0.41371, 6.44224e-07, 3.44036e-07, 0.910409)
bones/29/scale = Vector3(1, 1, 1)
bones/30/name = "mixamorig_LeftToeBase"
bones/30/parent = 29
bones/30/rest = Transform3D(1, -1.09851e-06, 5.62863e-07, 1.17118e-06, 0.700469, -0.713683, 3.89719e-07, 0.713683, 0.700469, 2.498e-16, 0.21288, -2.22045e-16)
bones/30/enabled = true
bones/30/position = Vector3(3.19744e-16, 0.21288, -2.13163e-16)
bones/30/rotation = Quaternion(0.386996, 4.69444e-08, 6.15371e-07, 0.922082)
bones/30/scale = Vector3(1, 1, 1)
bones/31/name = "mixamorig_LeftToe_End"
bones/31/parent = 30
bones/31/rest = Transform3D(1, 2.46519e-32, -1.05879e-22, -2.46519e-32, 1, -2.46519e-32, 1.05879e-22, 2.46519e-32, 1, 0, 0.168838, 4.82571e-16)
bones/31/enabled = true
bones/31/position = Vector3(-1.77636e-17, 0.168838, 5.00349e-16)
bones/31/rotation = Quaternion(0, 0, 0, 1)
bones/31/scale = Vector3(1, 1, 1)
bones/32/name = "mixamorig_RightUpLeg"
bones/32/parent = 0
bones/32/rest = Transform3D(-1, -2.37733e-06, 9.80502e-08, 2.37935e-06, -0.999151, 0.0412087, 3.55271e-15, 0.0412087, 0.999151, -0.13656, -0.0713522, 0.00129698)
bones/32/enabled = true
bones/32/position = Vector3(-0.13656, -0.0713522, 0.00129698)
bones/32/rotation = Quaternion(2.45177e-08, 0.0206087, 0.999788, 1.18942e-06)
bones/32/scale = Vector3(1, 1, 1)
bones/33/name = "mixamorig_RightLeg"
bones/33/parent = 32
bones/33/rest = Transform3D(1, -7.46763e-07, -5.76112e-08, 7.48345e-07, 0.993021, 0.117941, -3.08646e-08, -0.117941, 0.993021, 8.32667e-17, 0.359497, -2.77556e-17)
bones/33/enabled = true
bones/33/position = Vector3(5.32907e-17, 0.359497, -1.77636e-17)
bones/33/rotation = Quaternion(-0.0590736, -6.69838e-09, 3.74431e-07, 0.998254)
bones/33/scale = Vector3(1, 1, 1)
bones/34/name = "mixamorig_RightFoot"
bones/34/parent = 33
bones/34/rest = Transform3D(1, -9.33891e-08, 1.43952e-06, 1.1458e-06, 0.657688, -0.75329, -8.76409e-07, 0.75329, 0.657688, -3.60822e-16, 0.344093, -4.51028e-17)
bones/34/enabled = true
bones/34/position = Vector3(-3.55271e-16, 0.344093, -7.99361e-17)
bones/34/rotation = Quaternion(0.41371, 6.3596e-07, 3.40284e-07, 0.910409)
bones/34/scale = Vector3(1, 1, 1)
bones/35/name = "mixamorig_RightToeBase"
bones/35/parent = 34
bones/35/rest = Transform3D(1, -1.08555e-06, 5.5538e-07, 1.15676e-06, 0.700469, -0.713682, 3.85711e-07, 0.713682, 0.700469, 8.32667e-17, 0.21288, 0)
bones/35/enabled = true
bones/35/position = Vector3(8.88178e-17, 0.21288, 5.32907e-17)
bones/35/rotation = Quaternion(0.386995, 4.60018e-08, 6.07948e-07, 0.922082)
bones/35/scale = Vector3(1, 1, 1)
bones/36/name = "mixamorig_RightToe_End"
bones/36/parent = 35
bones/36/rest = Transform3D(1, 0, -1.05879e-22, 0, 1, -8.27181e-25, 1.05879e-22, 8.27181e-25, 1, -1.94289e-16, 0.168838, -2.3091e-16)
bones/36/enabled = true
bones/36/position = Vector3(-1.95399e-16, 0.168838, -2.41254e-16)
bones/36/rotation = Quaternion(0, 0, 0, 1)
bones/36/scale = Vector3(1, 1, 1)

[node name="Model" type="MeshInstance3D" parent="Skeleton3D"]
unique_name_in_owner = true
mesh = ExtResource("2_bk3ra")
skin = SubResource("Skin_7jt4t")
script = ExtResource("3_8l4co")
SwappedMesh = ExtResource("2_w21n5")

[node name="BoneAttachment3D" type="BoneAttachment3D" parent="Skeleton3D"]
transform = Transform3D(0.999999, -0.00166136, 9.62638e-05, 0.00165046, 0.997517, 0.0704034, -0.00021299, -0.0704032, 0.997519, -0.000189288, 1.1638, 0.060235)
bone_name = "mixamorig_Spine1"
bone_idx = 2

[node name="BloodSpawn" type="Node3D" parent="Skeleton3D/BoneAttachment3D"]
unique_name_in_owner = true
transform = Transform3D(0.499922, -0.00879372, -0.000624487, 0.00879973, 0.499896, 0.00518163, 0.000533225, -0.00519179, 0.499973, 0, 0, 0.175)

[node name="CollisionShape3D" type="CollisionShape3D" parent="."]
transform = Transform3D(2, 0, 0, 0, 1.98184, -0.268873, 0, 0.268873, 1.98184, 0, 1.52795, 0.210145)
visible = false
shape = SubResource("CapsuleShape3D_w21n5")

[node name="AnimationPlayer" type="AnimationPlayer" parent="."]
libraries = {
&"": SubResource("AnimationLibrary_w21n5")
}
autoplay = "run"

[node name="AnimationTree" type="AnimationTree" parent="."]
tree_root = SubResource("AnimationNodeBlendTree_sqocr")
advance_expression_base_node = NodePath("..")
anim_player = NodePath("../AnimationPlayer")
parameters/TimeScale/scale = 0.5

[node name="NavigationAgent3D" type="NavigationAgent3D" parent="."]
avoidance_enabled = true
radius = 3.0
neighbor_distance = 20.0
