[gd_scene load_steps=9 format=3 uid="uid://bugbf7acl1cyw"]

[ext_resource type="Script" uid="uid://b5dv3skv4ft2j" path="res://scripts/enemies/Spider.cs" id="1_sdkqh"]
[ext_resource type="ArrayMesh" uid="uid://dop13cjl00yms" path="res://assets/spider/spider_erode_mesh.tres" id="2_cjpfl"]
[ext_resource type="ArrayMesh" uid="uid://bibvy8ym81rh7" path="res://assets/spider/spider_mesh.tres" id="2_sdkqh"]
[ext_resource type="Script" uid="uid://wc8v1fq0wvs1" path="res://scripts/weapons/SwappableMesh.cs" id="3_sdkqh"]

[sub_resource type="Skin" id="Skin_7tts5"]
resource_name = "Skin"
bind_count = 83
bind/0/name = &"abdomen_E_skin_06"
bind/0/bone = -1
bind/0/pose = Transform3D(-4.48839e-17, -0.279107, -0.96026, -1, 2.7841e-16, -3.41808e-17, 2.76886e-16, 0.96026, -0.279107, -13.7467, -3.48369e-15, -11.8906)
bind/1/name = &"butt_fang_L_B_skin_08"
bind/1/bone = -1
bind/1/pose = Transform3D(1, 0, 0, 0, 1, 0, 0, 0, 1, 0, 0, 0)
bind/2/name = &"butt_fang_L_A_skin_07"
bind/2/bone = -1
bind/2/pose = Transform3D(-0.423783, -0.19362, -0.884827, -0.901894, -8.18789e-16, 0.431957, -0.0836354, 0.981077, -0.174624, -12.5022, 8.41295, -9.87246)
bind/3/name = &"butt_fang_R_B_skin_010"
bind/3/bone = -1
bind/3/pose = Transform3D(1, 0, 0, 0, 1, 0, 0, 0, 1, 0, 0, 0)
bind/4/name = &"butt_fang_R_A_skin_09"
bind/4/bone = -1
bind/4/pose = Transform3D(-0.423783, 0.19362, 0.884827, -0.901894, 1.19349e-15, -0.431957, -0.0836354, -0.981077, 0.174624, 12.5022, -8.41294, 9.87246)
bind/5/name = &"abdomen_D_skin_05"
bind/5/bone = -1
bind/5/pose = Transform3D(-4.48839e-17, -0.279107, -0.96026, -1, 2.7841e-16, -3.41808e-17, 2.76886e-16, 0.96026, -0.279107, -10.5139, -3.10309e-15, -11.8906)
bind/6/name = &"abdomen_C_skin_04"
bind/6/bone = -1
bind/6/pose = Transform3D(-1.83376e-17, -0.114031, -0.993477, -1, 7.23671e-16, -6.46047e-17, 7.26317e-16, 0.993477, -0.114031, -9.2485, -7.202e-15, -9.95789)
bind/7/name = &"abdomen_B_skin_03"
bind/7/bone = -1
bind/7/pose = Transform3D(1.18566e-17, -0.0418553, -0.999124, -1, 1.17018e-15, -6.08883e-17, 1.1717e-15, 0.999124, -0.0418553, -6.81852, -1.10228e-14, -9.26268)
bind/8/name = &"abdomen_A_skin_02"
bind/8/bone = -1
bind/8/pose = Transform3D(4.09256e-17, 0.0562654, -0.998416, -1, -2.57665e-16, -5.55112e-17, -2.60381e-16, 0.998416, 0.0562654, -4.578, 2.03885e-15, -8.54984)
bind/9/name = &"head_B_skin_013"
bind/9/bone = -1
bind/9/pose = Transform3D(2.38973e-16, 0.472912, 0.88111, 1, -3.97417e-16, -5.7915e-17, 3.22779e-16, 0.88111, -0.472912, -9.7187, 4.64559e-15, -7.83088)
bind/10/name = &"fang_L_F_skin_019"
bind/10/bone = -1
bind/10/pose = Transform3D(1, 0, 0, 0, 1, 0, 0, 0, 1, 0, 0, 0)
bind/11/name = &"fang_L_E_skin_018"
bind/11/bone = -1
bind/11/pose = Transform3D(-0.14725, -0.667264, -0.730121, 0.981004, -0.192774, -0.0216697, -0.126289, -0.719442, 0.682974, 9.5213, -0.095235, -0.50214)
bind/12/name = &"fang_L_D_skin_017"
bind/12/bone = -1
bind/12/pose = Transform3D(-0.0636545, -0.946545, -0.316228, 0.997878, -0.0560138, -0.0332033, 0.0137153, -0.31767, 0.948102, 9.93477, -0.852239, -5.03612)
bind/13/name = &"fang_L_C_skin_016"
bind/13/bone = -1
bind/13/pose = Transform3D(-0.0654445, -0.973162, 0.220617, 0.995548, -0.0787055, -0.0518547, 0.0678268, 0.216242, 0.973981, 7.33397, -0.5255, -9.46533)
bind/14/name = &"fang_L_B_skin_015"
bind/14/bone = -1
bind/14/pose = Transform3D(-0.0270644, -0.450155, 0.89254, 0.999541, -7.42462e-16, 0.030309, -0.0136437, 0.892951, 0.449948, -0.839085, -1.87393, -11.5492)
bind/15/name = &"fang_L_A_skin_014"
bind/15/bone = -1
bind/15/pose = Transform3D(-0.00832082, -0.138398, 0.990342, 0.999965, 7.52076e-14, 0.00840167, -0.00116277, 0.990377, 0.138393, -2.88484, -1.74316, -10.6683)
bind/16/name = &"fang_R_F_skin_025"
bind/16/bone = -1
bind/16/pose = Transform3D(1, 0, 0, 0, 1, 0, 0, 0, 1, 0, 0, 0)
bind/17/name = &"fang_R_E_skin_024"
bind/17/bone = -1
bind/17/pose = Transform3D(-0.14725, 0.667264, 0.730121, 0.981004, 0.192774, 0.0216697, -0.126289, 0.719442, -0.682974, -9.5213, 0.0952345, 0.502138)
bind/18/name = &"fang_R_D_skin_023"
bind/18/bone = -1
bind/18/pose = Transform3D(-0.0636545, 0.946545, 0.316228, 0.997878, 0.0560138, 0.0332033, 0.0137153, 0.31767, -0.948102, -9.93477, 0.852243, 5.03612)
bind/19/name = &"fang_R_C_skin_022"
bind/19/bone = -1
bind/19/pose = Transform3D(-0.0654445, 0.973162, -0.220617, 0.995548, 0.0787055, 0.0518547, 0.0678268, -0.216242, -0.973981, -7.33397, 0.525498, 9.46533)
bind/20/name = &"fang_R_B_skin_021"
bind/20/bone = -1
bind/20/pose = Transform3D(-0.0270644, 0.450155, -0.89254, 0.999541, 2.64094e-14, -0.030309, -0.0136437, -0.892951, -0.449948, 0.839079, 1.87393, 11.5492)
bind/21/name = &"fang_R_A_skin_020"
bind/21/bone = -1
bind/21/pose = Transform3D(-0.00832082, 0.138398, -0.990342, 0.999965, -7.96956e-14, -0.00840167, -0.00116277, -0.990377, -0.138393, 2.88483, 1.74315, 10.6683)
bind/22/name = &"head_A_skin_012"
bind/22/bone = -1
bind/22/pose = Transform3D(2.38973e-16, 0.472912, 0.88111, 1, -3.97417e-16, -5.7915e-17, 3.22779e-16, 0.88111, -0.472912, -6.39561, 3.98918e-15, -7.83088)
bind/23/name = &"neck_skin_011"
bind/23/bone = -1
bind/23/pose = Transform3D(1, 0, 0, 0, 1, 0, 0, 0, 1, 0, 0, 0)
bind/24/name = &"Arm_WristEnd_L_skin_030"
bind/24/bone = -1
bind/24/pose = Transform3D(1, 0, 0, 0, 1, 0, 0, 0, 1, 0, 0, 0)
bind/25/name = &"Arm_Wrist_L_skin_029"
bind/25/bone = -1
bind/25/pose = Transform3D(0.396719, -0.814199, 0.423903, 0.730129, -5.82867e-16, -0.683309, 0.55635, 0.580586, 0.594471, -0.316171, 5.89044, -16.3838)
bind/26/name = &"Arm_Elbow_L_skin_028"
bind/26/bone = -1
bind/26/pose = Transform3D(0.143636, -0.119737, 0.98236, 0.989479, -2.40599e-13, -0.144677, 0.0173232, 0.992806, 0.118478, -8.47972, -2.877, -10.9205)
bind/27/name = &"Arm_Shoulder_L_skin_027"
bind/27/bone = -1
bind/27/pose = Transform3D(0.11535, 0.586605, 0.801617, 0.989805, -4.71845e-16, -0.14243, -0.08355, 0.809873, -0.580624, -9.40236, -2.89907, -2.25662)
bind/28/name = &"Arm_Clav_L_skin_026"
bind/28/bone = -1
bind/28/pose = Transform3D(0.609451, 0.088456, 0.787874, 0.790974, -1.26982e-15, -0.611849, -0.0541218, 0.99608, -0.0699664, -3.22477, 0.578803, -6.70368)
bind/29/name = &"leg_A_ToeEnd_L_skin_036"
bind/29/bone = -1
bind/29/pose = Transform3D(1, 0, 0, 0, 1, 0, 0, 0, 1, 0, 0, 0)
bind/30/name = &"leg_A_Toe_L_skin_035"
bind/30/bone = -1
bind/30/pose = Transform3D(0.400132, -0.73818, 0.543125, 0.805102, 3.60822e-16, -0.593136, 0.437842, 0.674604, 0.59431, -12.4826, 2.53309, -16.4986)
bind/31/name = &"leg_A_Ankle_L_skin_034"
bind/31/bone = -1
bind/31/pose = Transform3D(0.150975, -0.918605, 0.3652, 0.924144, -2.44249e-15, -0.382044, 0.350948, 0.395177, 0.848923, -2.60077, -2.49676, -19.6841)
bind/32/name = &"leg_A_Knee_L_skin_033"
bind/32/bone = -1
bind/32/pose = Transform3D(0.301011, -0.50796, 0.807074, 0.936954, 5.30131e-15, -0.349452, 0.177508, 0.86138, 0.475936, -6.46436, -3.16434, -14.2991)
bind/33/name = &"leg_A_Thigh_L_skin_032"
bind/33/bone = -1
bind/33/pose = Transform3D(0.313365, 0.182084, 0.932013, 0.947858, 1.02696e-15, -0.318693, -0.0580289, 0.983283, -0.17259, -7.02324, -3.58136, -6.56595)
bind/34/name = &"leg_A_Clav_L_skin_031"
bind/34/bone = -1
bind/34/pose = Transform3D(0.702161, 0.213802, 0.67916, 0.695236, -3.19189e-16, -0.718782, -0.153677, 0.976877, -0.148643, -3.77102, -0.555223, -6.11993)
bind/35/name = &"leg_B_ToeEnd_L_skin_042"
bind/35/bone = -1
bind/35/pose = Transform3D(1, 0, 0, 0, 1, 0, 0, 0, 1, 0, 0, 0)
bind/36/name = &"leg_B_Toe_L_skin_041"
bind/36/bone = -1
bind/36/pose = Transform3D(0.530691, -0.714112, 0.45652, 0.652142, -1.34496e-08, -0.758097, 0.541366, 0.700032, 0.465703, -11.5569, -1.87212, -14.0247)
bind/37/name = &"leg_B_Ankle_L_skin_040"
bind/37/bone = -1
bind/37/pose = Transform3D(0.335951, -0.893965, 0.296587, 0.661822, 9.86781e-09, -0.749661, 0.670171, 0.448137, 0.591646, -3.42441, -2.10442, -16.8641)
bind/38/name = &"leg_B_Knee_L_skin_039"
bind/38/bone = -1
bind/38/pose = Transform3D(0.519435, -0.681459, 0.515559, 0.704454, -7.77156e-16, -0.70975, 0.483666, 0.731856, 0.480056, -2.89643, -3.07044, -14.5069)
bind/39/name = &"leg_B_Thigh_L_skin_038"
bind/39/bone = -1
bind/39/pose = Transform3D(0.652556, 0.253915, 0.713931, 0.738122, 3.60822e-16, -0.674668, -0.171308, 0.967226, -0.18742, -7.07177, -3.6504, -5.35296)
bind/40/name = &"leg_B_Clav_L_skin_037"
bind/40/bone = -1
bind/40/pose = Transform3D(0.915551, 0.0461656, 0.399543, 0.399969, -1.11022e-15, -0.916529, -0.0423121, 0.998934, -0.0184648, -2.41656, -1.10609, -6.66603)
bind/41/name = &"leg_C_ToeEnd_L_skin_047"
bind/41/bone = -1
bind/41/pose = Transform3D(1, 0, 0, 0, 1, 0, 0, 0, 1, 0, 0, 0)
bind/42/name = &"leg_C_Toe_L_skin_046"
bind/42/bone = -1
bind/42/pose = Transform3D(0.622976, -0.781899, 0.0231224, 0.0370906, -7.66748e-16, -0.999312, 0.781361, 0.623405, 0.0290011, -9.99922, -2.03019, -15.4946)
bind/43/name = &"leg_C_Ankle_L_skin_045"
bind/43/bone = -1
bind/43/pose = Transform3D(0.405129, -0.914217, 0.00883133, 0.0217936, 9.69363e-15, -0.999762, 0.914, 0.405225, 0.0199241, -1.90567, -1.74916, -17.5472)
bind/44/name = &"leg_C_Knee_L_skin_044"
bind/44/bone = -1
bind/44/pose = Transform3D(0.768655, -0.639295, 0.0217269, 0.0282549, -9.31078e-14, -0.999601, 0.639039, 0.768962, 0.0180632, -2.87329, -1.8578, -14.8698)
bind/45/name = &"leg_C_Thigh_L_skin_043"
bind/45/bone = -1
bind/45/pose = Transform3D(0.921299, 0.38754, 0.0319654, 0.0346752, -1.88217e-15, -0.999399, -0.387307, 0.921853, -0.013438, -8.10829, -1.93301, -4.31188)
bind/46/name = &"leg_C_Clav_L_skin_00"
bind/46/bone = -1
bind/46/pose = Transform3D(0.994502, 0.0920254, -0.0499777, -0.0501907, -3.6221e-15, -0.99874, -0.0919094, 0.995757, 0.00461882, -2.8087, -1.43395, -6.53977)
bind/47/name = &"leg_D_ToeEnd_L_skin_053"
bind/47/bone = -1
bind/47/pose = Transform3D(1, 0, 0, 0, 1, 0, 0, 0, 1, 0, 0, 0)
bind/48/name = &"leg_D_Toe_L_skin_052"
bind/48/bone = -1
bind/48/pose = Transform3D(0.368539, -0.714862, -0.594265, -0.849842, -1.28231e-14, -0.527038, 0.376759, 0.699266, -0.60752, -13.4384, 0.652886, -16.3178)
bind/49/name = &"leg_D_Ankle_L_skin_051"
bind/49/bone = -1
bind/49/pose = Transform3D(0.236417, -0.89185, -0.385631, -0.852539, -1.249e-15, -0.522664, 0.466137, 0.452332, -0.760337, -3.70787, 0.761112, -19.5969)
bind/50/name = &"leg_D_Knee_L_skin_050"
bind/50/bone = -1
bind/50/pose = Transform3D(0.45663, -0.566101, -0.686308, -0.832559, -1.54876e-14, -0.553937, 0.313584, 0.824336, -0.471313, -5.45257, 0.0498627, -15.4332)
bind/51/name = &"leg_D_Thigh_L_skin_049"
bind/51/bone = -1
bind/51/pose = Transform3D(0.487287, 0.364531, -0.793517, -0.852152, -1.11022e-16, -0.523294, -0.190757, 0.931191, 0.310636, -8.63235, 0.530999, -4.15296)
bind/52/name = &"leg_D_Clav_L_skin_048"
bind/52/bone = -1
bind/52/pose = Transform3D(0.753642, 0.0635491, -0.654206, -0.655531, -2.13024e-14, -0.755168, -0.0479903, 0.997979, 0.0416584, -2.98409, -1.45404, -6.59418)
bind/53/name = &"Arm_WristEnd_R_skin_058"
bind/53/bone = -1
bind/53/pose = Transform3D(1, 0, 0, 0, 1, 0, 0, 0, 1, 0, 0, 0)
bind/54/name = &"Arm_Wrist_R_skin_057"
bind/54/bone = -1
bind/54/pose = Transform3D(0.396719, 0.814199, -0.423903, 0.730129, 4.71845e-16, 0.683309, 0.55635, -0.580586, -0.594471, 0.316162, -5.89042, 16.3838)
bind/55/name = &"Arm_Elbow_R_skin_056"
bind/55/bone = -1
bind/55/pose = Transform3D(0.143636, 0.119737, -0.98236, 0.989479, 5.97959e-14, 0.144677, 0.0173232, -0.992806, -0.118478, 8.47972, 2.877, 10.9205)
bind/56/name = &"Arm_Shoulder_R_skin_055"
bind/56/bone = -1
bind/56/pose = Transform3D(0.11535, -0.586605, -0.801617, 0.989805, -8.46545e-16, 0.14243, -0.08355, -0.809873, 0.580624, 9.40236, 2.89907, 2.25663)
bind/57/name = &"Arm_Clav_R_skin_054"
bind/57/bone = -1
bind/57/pose = Transform3D(0.609451, -0.088456, -0.787874, 0.790974, -3.53884e-16, 0.611849, -0.0541218, -0.99608, 0.0699664, 3.22477, -0.578808, 6.70369)
bind/58/name = &"leg_A_ToeEnd_R_skin_064"
bind/58/bone = -1
bind/58/pose = Transform3D(1, 0, 0, 0, 1, 0, 0, 0, 1, 0, 0, 0)
bind/59/name = &"leg_A_Toe_R_skin_063"
bind/59/bone = -1
bind/59/pose = Transform3D(0.400132, 0.73818, -0.543125, 0.805102, -1.66533e-15, 0.593136, 0.437842, -0.674604, -0.59431, 12.4826, -2.53308, 16.4986)
bind/60/name = &"leg_A_Ankle_R_skin_062"
bind/60/bone = -1
bind/60/pose = Transform3D(0.150975, 0.918605, -0.3652, 0.924144, 9.15934e-16, 0.382044, 0.350948, -0.395177, -0.848923, 2.60079, 2.49674, 19.6842)
bind/61/name = &"leg_A_Knee_R_skin_061"
bind/61/bone = -1
bind/61/pose = Transform3D(0.301011, 0.50796, -0.807074, 0.936954, 1.25178e-14, 0.349452, 0.177508, -0.86138, -0.475936, 6.46436, 3.16435, 14.2991)
bind/62/name = &"leg_A_Thigh_R_skin_060"
bind/62/bone = -1
bind/62/pose = Transform3D(0.313365, -0.182084, -0.932013, 0.947858, 2.26208e-15, 0.318693, -0.0580289, -0.983283, 0.17259, 7.02324, 3.58136, 6.56595)
bind/63/name = &"leg_A_Clav_R_skin_059"
bind/63/bone = -1
bind/63/pose = Transform3D(0.702161, -0.213802, -0.67916, 0.695236, 1.04083e-15, 0.718782, -0.153677, -0.976877, 0.148643, 3.77102, 0.55522, 6.11993)
bind/64/name = &"leg_B_ToeEnd_R_skin_070"
bind/64/bone = -1
bind/64/pose = Transform3D(1, 0, 0, 0, 1, 0, 0, 0, 1, 0, 0, 0)
bind/65/name = &"leg_B_Toe_R_skin_069"
bind/65/bone = -1
bind/65/pose = Transform3D(0.530691, 0.714112, -0.45652, 0.652142, 4.84057e-14, 0.758097, 0.541366, -0.700032, -0.465703, 11.5569, 1.87206, 14.0247)
bind/66/name = &"leg_B_Ankle_R_skin_068"
bind/66/bone = -1
bind/66/pose = Transform3D(0.335951, 0.893965, -0.296587, 0.661822, 4.30211e-15, 0.749661, 0.670171, -0.448137, -0.591646, 3.42441, 2.10443, 16.8641)
bind/67/name = &"leg_B_Knee_R_skin_067"
bind/67/bone = -1
bind/67/pose = Transform3D(0.519435, 0.681459, -0.515559, 0.704454, 1.84575e-14, 0.70975, 0.483666, -0.731856, -0.480056, 2.89645, 3.07047, 14.5069)
bind/68/name = &"leg_B_Thigh_R_skin_066"
bind/68/bone = -1
bind/68/pose = Transform3D(0.652556, -0.253915, -0.713931, 0.738122, -1.55431e-15, 0.674668, -0.171308, -0.967226, 0.18742, 7.07177, 3.6504, 5.35297)
bind/69/name = &"leg_B_Clav_R_skin_065"
bind/69/bone = -1
bind/69/pose = Transform3D(0.915551, -0.0461656, -0.399543, 0.399969, -1.94289e-16, 0.916529, -0.0423121, -0.998934, 0.0184648, 2.41656, 1.10609, 6.66604)
bind/70/name = &"leg_C_ToeEnd_R_skin_076"
bind/70/bone = -1
bind/70/pose = Transform3D(1, 0, 0, 0, 1, 0, 0, 0, 1, 0, 0, 0)
bind/71/name = &"leg_C_Toe_R_skin_075"
bind/71/bone = -1
bind/71/pose = Transform3D(0.622976, 0.781899, -0.0231224, 0.0370906, -1.79334e-08, 0.999312, 0.781361, -0.623405, -0.0290011, 9.9992, 2.03019, 15.4946)
bind/72/name = &"leg_C_Ankle_R_skin_074"
bind/72/bone = -1
bind/72/pose = Transform3D(0.405129, 0.914217, -0.00883133, 0.0217936, 8.5654e-09, 0.999762, 0.914, -0.405225, -0.0199241, 1.90567, 1.74916, 17.5472)
bind/73/name = &"leg_C_Knee_R_skin_073"
bind/73/bone = -1
bind/73/pose = Transform3D(0.768655, 0.639295, -0.0217269, 0.0282549, 1.79698e-13, 0.999601, 0.639039, -0.768962, -0.0180632, 2.87331, 1.8578, 14.8699)
bind/74/name = &"leg_C_Thigh_R_skin_072"
bind/74/bone = -1
bind/74/pose = Transform3D(0.921299, -0.38754, -0.0319654, 0.0346752, 1.31683e-14, 0.999399, -0.387307, -0.921853, 0.013438, 8.10829, 1.93301, 4.31189)
bind/75/name = &"leg_C_Clav_R_skin_071"
bind/75/bone = -1
bind/75/pose = Transform3D(0.994502, -0.0920254, 0.0499777, -0.0501907, 5.31779e-15, 0.99874, -0.0919094, -0.995757, -0.00461882, 2.8087, 1.43395, 6.53977)
bind/76/name = &"leg_D_ToeEnd_R_skin_082"
bind/76/bone = -1
bind/76/pose = Transform3D(1, 0, 0, 0, 1, 0, 0, 0, 1, 0, 0, 0)
bind/77/name = &"leg_D_Toe_R_skin_081"
bind/77/bone = -1
bind/77/pose = Transform3D(0.368539, 0.714862, 0.594265, -0.849842, 5.36515e-14, 0.527038, 0.376759, -0.699266, 0.60752, 13.4384, -0.652857, 16.3179)
bind/78/name = &"leg_D_Ankle_R_skin_080"
bind/78/bone = -1
bind/78/pose = Transform3D(0.236417, 0.89185, 0.385631, -0.852539, 3.747e-15, 0.522664, 0.466137, -0.452332, 0.760337, 3.70788, -0.761089, 19.5969)
bind/79/name = &"leg_D_Knee_R_skin_079"
bind/79/bone = -1
bind/79/pose = Transform3D(0.45663, 0.566101, 0.686308, -0.832559, -5.90084e-14, 0.553937, 0.313584, -0.824336, 0.471313, 5.45259, -0.0498451, 15.4332)
bind/80/name = &"leg_D_Thigh_R_skin_078"
bind/80/bone = -1
bind/80/pose = Transform3D(0.487287, -0.364531, 0.793517, -0.852152, 4.02456e-15, 0.523294, -0.190757, -0.931191, -0.310636, 8.63234, -0.530997, 4.15296)
bind/81/name = &"leg_D_Clav_R_skin_077"
bind/81/bone = -1
bind/81/pose = Transform3D(0.753642, -0.0635491, 0.654206, -0.655531, 2.06155e-14, 0.755168, -0.0479903, -0.997979, -0.0416584, 2.98409, 1.45404, 6.59418)
bind/82/name = &"root_skin_01"
bind/82/bone = -1
bind/82/pose = Transform3D(4.68017e-18, -0.0764331, -0.997075, -1, 5.03664e-16, -4.33034e-17, 5.05501e-16, 0.997075, -0.0764331, -0.73427, -4.59376e-15, -9.08074)

[sub_resource type="CylinderShape3D" id="CylinderShape3D_sdkqh"]
height = 1.0
radius = 1.145

[sub_resource type="Animation" id="Animation_ttiju"]
resource_name = "Take 001"
length = 1.3
loop_mode = 1
tracks/0/type = "rotation_3d"
tracks/0/imported = true
tracks/0/enabled = true
tracks/0/path = NodePath("Skeleton3D:abdomen_A_skin_02")
tracks/0/interp = 1
tracks/0/loop_wrap = true
tracks/0/keys = PackedFloat32Array(0, 1, -4.2777e-19, 0.00341175, -1.73327e-18, 0.999994, 0.0333333, 1, 2.28681e-08, 0.000343712, 6.70271e-06, 1, 0.0666667, 1, 1.21124e-07, -0.0128389, 3.55019e-05, 0.999918, 0.1, 1, 2.89709e-07, -0.0354587, 8.49146e-05, 0.999371, 0.133333, 1, 4.78473e-07, -0.060788, 0.000140242, 0.998151, 0.166667, 1, 5.93585e-07, -0.0762355, 0.000173982, 0.99709, 0.2, 1, 5.93585e-07, -0.0762355, 0.000173982, 0.99709, 0.233333, 1, -4.18538e-07, -0.0732717, 0.000180457, 0.997312, 0.266667, 1, -7.37224e-06, -0.052891, 0.000224903, 0.9986, 0.3, 1, -1.83667e-05, -0.0206039, 0.000295025, 0.999788, 0.333333, 1, -2.65273e-05, 0.00341173, 0.000346953, 0.999994, 0.366667, 1, -2.57627e-05, 0.00125454, 0.000351722, 0.999999, 0.4, 1, -2.10197e-05, -0.0121199, 0.000381254, 0.999927, 0.433333, 1, -1.22724e-05, -0.0367522, 0.000435478, 0.999324, 0.466667, 1, -2.54666e-06, -0.0640892, 0.000495404, 0.997944, 0.5, 1, 2.81999e-06, -0.0791509, 0.000528307, 0.996863, 0.533333, 1, 2.04684e-06, -0.0780517, 0.000530711, 0.996949, 0.566667, 1, -1.2139e-06, -0.0734151, 0.000540843, 0.997301, 0.6, 1, -1.73478e-05, -0.0504494, 0.000590803, 0.998726, 0.633333, 1, -4.18307e-05, -0.0155233, 0.000666072, 0.999879, 0.666667, 1, -5.50771e-05, 0.00341175, 0.000706521, 0.999994, 0.7, 1, -5.28863e-05, 0.000343715, 0.00071339, 1, 0.733333, 1, -4.34675e-05, -0.012839, 0.000742825, 0.999917, 0.766667, 1, -2.72846e-05, -0.0354587, 0.000793043, 0.999371, 0.8, 1, -9.13122e-06, -0.060788, 0.000848841, 0.99815, 0.833333, 1, 1.95659e-06, -0.0762355, 0.000882645, 0.99709, 0.866667, 1, 1.95661e-06, -0.0762355, 0.000882645, 0.99709, 0.9, 1, -1.16179e-06, -0.0732716, 0.000889122, 0.997312, 0.933333, 1, -2.25864e-05, -0.052891, 0.000933405, 0.9986, 0.966667, 1, -5.64609e-05, -0.0206039, 0.00100266, 0.999787, 1, 1, -8.16044e-05, 0.00341175, 0.00105347, 0.999994, 1.03333, 1, -7.93155e-05, 0.00125454, 0.00105836, 0.999999, 1.06667, 1, -6.51169e-05, -0.0121199, 0.00108855, 0.999926, 1.1, 1, -3.89302e-05, -0.0367522, 0.00114364, 0.999324, 1.13333, 1, -9.81243e-06, -0.0640892, 0.00120403, 0.997944, 1.16667, 1, 6.25525e-06, -0.0791508, 0.00123696, 0.996862, 1.2, 1, 4.70079e-06, -0.0780517, 0.00123937, 0.996949, 1.23333, 1, -1.85524e-06, -0.073415, 0.00124951, 0.997301, 1.26667, 1, -3.90237e-05, -0.0470977, 0.00130646, 0.99889, 1.3, 1, -7.33978e-05, -0.0227126, 0.00135837, 0.999741)
tracks/1/type = "rotation_3d"
tracks/1/imported = true
tracks/1/enabled = true
tracks/1/path = NodePath("Skeleton3D:Arm_Shoulder_L_skin_027")
tracks/1/interp = 1
tracks/1/loop_wrap = true
tracks/1/keys = PackedFloat32Array(0, 1, -0.0783862, -0.214809, -0.242544, 0.942807, 0.0333333, 1, -0.0767017, -0.208249, -0.243069, 0.944281, 0.0666667, 1, -0.0755144, -0.203629, -0.243431, 0.945291, 0.1, 1, -0.0755261, -0.203674, -0.243427, 0.945281, 0.133333, 1, -0.0766943, -0.208202, -0.243052, 0.944296, 0.2, 1, -0.0803742, -0.22248, -0.241831, 0.941042, 0.233333, 1, -0.0815348, -0.226988, -0.241433, 0.939967, 0.266667, 1, -0.0815579, -0.227078, -0.241426, 0.939945, 0.3, 1, -0.0805177, -0.22302, -0.241767, 0.940919, 0.366667, 1, -0.0772022, -0.210096, -0.24282, 0.943895, 0.4, 1, -0.0761559, -0.206021, -0.243142, 0.944795, 0.433333, 1, -0.0761442, -0.205976, -0.243145, 0.944805, 0.466667, 1, -0.0771478, -0.209869, -0.242821, 0.94395, 0.533333, 1, -0.0803134, -0.222157, -0.241767, 0.94114, 0.566667, 1, -0.0813114, -0.226034, -0.241425, 0.940218, 0.6, 1, -0.0812883, -0.225944, -0.241433, 0.94024, 0.633333, 1, -0.0801786, -0.221614, -0.241795, 0.941272, 0.7, 1, -0.0766768, -0.207961, -0.242901, 0.94439, 0.733333, 1, -0.0755602, -0.203612, -0.243242, 0.945339, 0.766667, 1, -0.0755719, -0.203657, -0.243238, 0.945329, 0.8, 1, -0.0767392, -0.208186, -0.242863, 0.944345, 0.866667, 1, -0.0804162, -0.222465, -0.241641, 0.941091, 0.9, 1, -0.081576, -0.226973, -0.241243, 0.940016, 0.933333, 1, -0.081599, -0.227063, -0.241236, 0.939994, 0.966667, 1, -0.0805596, -0.223004, -0.241577, 0.940968, 1.03333, 1, -0.0772468, -0.21008, -0.24263, 0.943944, 1.06667, 1, -0.0762012, -0.206005, -0.242952, 0.944844, 1.1, 1, -0.0761895, -0.20596, -0.242956, 0.944853, 1.13333, 1, -0.0771924, -0.209853, -0.242631, 0.943999, 1.2, 1, -0.0803554, -0.222141, -0.241577, 0.941189, 1.23333, 1, -0.0813527, -0.226019, -0.241235, 0.940267, 1.26667, 1, -0.0811911, -0.225388, -0.241289, 0.940419, 1.3, 1, -0.080579, -0.222997, -0.241489, 0.94099)
tracks/2/type = "rotation_3d"
tracks/2/imported = true
tracks/2/enabled = true
tracks/2/path = NodePath("Skeleton3D:leg_A_Toe_L_skin_035")
tracks/2/interp = 1
tracks/2/loop_wrap = true
tracks/2/keys = PackedFloat32Array(0, 1, -0.0977994, -0.0893499, 0.0536837, 0.989732, 0.0333333, 1, -0.0988051, -0.109947, 0.0606153, 0.987155, 0.0666667, 1, -0.0986068, -0.141375, 0.0764712, 0.98206, 0.1, 1, -0.0965441, -0.17487, 0.0968475, 0.975049, 0.133333, 1, -0.0928296, -0.2046, 0.117165, 0.967364, 0.166667, 1, -0.0887737, -0.225074, 0.133627, 0.961044, 0.2, 1, -0.0852515, -0.226766, 0.148782, 0.958735, 0.233333, 1, -0.0816561, -0.225829, 0.165054, 0.956604, 0.266667, 1, -0.0797471, -0.231886, 0.170087, 0.954432, 0.3, 1, -0.0793191, -0.247785, 0.16865, 0.95072, 0.333333, 1, -0.0832118, -0.271809, 0.146121, 0.947546, 0.366667, 1, -0.0861377, -0.257854, 0.137447, 0.952471, 0.4, 1, -0.0879272, -0.231868, 0.135041, 0.959307, 0.433333, 1, -0.0923986, -0.183144, 0.125863, 0.970608, 0.466667, 1, -0.0956357, -0.109791, 0.0840772, 0.985764, 0.5, 1, -0.0935116, -0.0257406, 0.0115374, 0.995219, 0.533333, 1, -0.0899039, -0.00156938, -0.0300871, 0.995495, 0.566667, 1, -0.0862114, 0.0214506, -0.0312913, 0.995554, 0.6, 1, -0.0852185, 0.0252397, -0.00614431, 0.996024, 0.633333, 1, -0.0910109, -0.0117038, 0.0328985, 0.995238, 0.666667, 1, -0.0984271, -0.0896131, 0.0533821, 0.989663, 0.7, 1, -0.099531, -0.112095, 0.0609631, 0.986819, 0.733333, 1, -0.0994175, -0.141528, 0.076329, 0.981967, 0.766667, 1, -0.097362, -0.175006, 0.0967332, 0.974954, 0.8, 1, -0.0936534, -0.204719, 0.117076, 0.967271, 0.833333, 1, -0.0896013, -0.22518, 0.133557, 0.960952, 0.866667, 1, -0.0860813, -0.22686, 0.148714, 0.958649, 0.9, 1, -0.082488, -0.225912, 0.164987, 0.956524, 0.933333, 1, -0.0805799, -0.231965, 0.170025, 0.954354, 0.966667, 1, -0.0801523, -0.247863, 0.168602, 0.950638, 1, 1, -0.0840428, -0.271904, 0.146092, 0.947451, 1.03333, 1, -0.0869672, -0.257955, 0.137405, 0.952374, 1.06667, 1, -0.0887554, -0.231973, 0.134976, 0.959214, 1.1, 1, -0.093222, -0.183258, 0.125758, 0.970521, 1.13333, 1, -0.0964438, -0.10994, 0.0839103, 0.985683, 1.16667, 1, -0.0942901, -0.0259483, 0.011304, 0.995142, 1.2, 1, -0.090667, -0.00181005, -0.0303385, 0.995417, 1.23333, 1, -0.086969, 0.0212082, -0.0315596, 0.995485, 1.26667, 1, -0.0873177, 0.019415, -0.00276402, 0.995987, 1.3, 1, -0.0898346, 0.00332179, 0.0252472, 0.995631)
tracks/3/type = "rotation_3d"
tracks/3/imported = true
tracks/3/enabled = true
tracks/3/path = NodePath("Skeleton3D:leg_A_Ankle_L_skin_034")
tracks/3/interp = 1
tracks/3/loop_wrap = true
tracks/3/keys = PackedFloat32Array(0, 1, 0.183502, 0.191929, -0.0339535, 0.963503, 0.0333333, 1, 0.188207, 0.112488, -0.0228029, 0.9754, 0.0666667, 1, 0.187852, 0.0343901, -0.0110153, 0.981533, 0.1, 1, 0.184015, -0.0335672, -0.00151583, 0.982349, 0.133333, 1, 0.179485, -0.0920968, 0.00589773, 0.979423, 0.166667, 1, 0.176324, -0.135039, 0.0104327, 0.97497, 0.2, 1, 0.175077, -0.165987, 0.0127553, 0.970378, 0.233333, 1, 0.176015, -0.183292, 0.0129504, 0.967086, 0.266667, 1, 0.182787, -0.182583, 0.0130914, 0.965961, 0.3, 1, 0.201373, -0.155077, 0.0125505, 0.967079, 0.333333, 1, 0.234605, -0.0981666, 0.0127969, 0.967037, 0.366667, 1, 0.242589, -0.0139375, 0.00676538, 0.970005, 0.4, 1, 0.256477, 0.107223, -0.0140314, 0.960482, 0.433333, 1, 0.271083, 0.23398, -0.04691, 0.932506, 0.466667, 1, 0.279011, 0.333505, -0.0812642, 0.896841, 0.5, 1, 0.280002, 0.380979, -0.100311, 0.875438, 0.533333, 1, 0.260609, 0.348472, -0.0825887, 0.896565, 0.566667, 1, 0.224718, 0.253605, -0.0480726, 0.939615, 0.6, 1, 0.194549, 0.140193, -0.0238879, 0.970529, 0.633333, 1, 0.184917, 0.0980275, -0.0186681, 0.977675, 0.666667, 1, 0.183604, 0.191997, -0.0339742, 0.963469, 0.7, 1, 0.188309, 0.112556, -0.0228325, 0.975372, 0.733333, 1, 0.187953, 0.0344569, -0.0110531, 0.981511, 0.766667, 1, 0.184116, -0.0335011, -0.00156039, 0.982332, 0.8, 1, 0.179584, -0.0920316, 0.00584754, 0.979411, 0.833333, 1, 0.176422, -0.134974, 0.0103785, 0.974961, 0.866667, 1, 0.175174, -0.165923, 0.012698, 0.970372, 0.9, 1, 0.176111, -0.183228, 0.0128914, 0.967081, 0.933333, 1, 0.182883, -0.18252, 0.013032, 0.965956, 0.966667, 1, 0.201469, -0.155014, 0.0124926, 0.96707, 1, 1, 0.234703, -0.0981045, 0.0127424, 0.96702, 1.03333, 1, 0.242689, -0.013875, 0.00671897, 0.969982, 1.06667, 1, 0.256578, 0.107287, -0.0140661, 0.960447, 1.1, 1, 0.271183, 0.234045, -0.0469318, 0.932459, 1.13333, 1, 0.279108, 0.333571, -0.0812753, 0.896785, 1.16667, 1, 0.280096, 0.381044, -0.100317, 0.875379, 1.2, 1, 0.260706, 0.348538, -0.0825969, 0.896511, 1.23333, 1, 0.224819, 0.253671, -0.0480892, 0.939572, 1.26667, 1, 0.194603, 0.140082, -0.0238771, 0.970534, 1.3, 1, 0.18663, 0.0868761, -0.0171865, 0.978431)
tracks/4/type = "rotation_3d"
tracks/4/imported = true
tracks/4/enabled = true
tracks/4/path = NodePath("Skeleton3D:leg_A_Knee_L_skin_033")
tracks/4/interp = 1
tracks/4/loop_wrap = true
tracks/4/keys = PackedFloat32Array(0, 1, -0.00305553, 0.319064, 0.0143319, 0.94762, 0.0333333, 1, -0.00302922, 0.464875, 0.0212977, 0.885115, 0.0666667, 1, -0.00505758, 0.581738, 0.0273343, 0.812901, 0.1, 1, -0.0083597, 0.667623, 0.0318734, 0.74377, 0.133333, 1, -0.0121262, 0.73858, 0.0358409, 0.673103, 0.166667, 1, -0.0165191, 0.796915, 0.0391253, 0.602597, 0.2, 1, -0.0214949, 0.849378, 0.0416387, 0.525701, 0.233333, 1, -0.0265, 0.890766, 0.0432248, 0.451625, 0.266667, 1, -0.0308695, 0.920778, 0.044182, 0.386345, 0.3, 1, -0.034687, 0.941207, 0.0445863, 0.333074, 0.333333, 1, -0.0372891, 0.952954, 0.044718, 0.297471, 0.366667, 1, -0.0331202, 0.933611, 0.0444785, 0.353971, 0.4, 1, -0.0262429, 0.890645, 0.0433214, 0.451869, 0.433333, 1, -0.0198744, 0.833184, 0.040849, 0.551127, 0.466667, 1, -0.0148285, 0.774003, 0.037767, 0.631881, 0.5, 1, -0.0119069, 0.726071, 0.0353124, 0.686609, 0.533333, 1, -0.0114355, 0.718078, 0.034904, 0.694993, 0.566667, 1, -0.011835, 0.724855, 0.0352503, 0.687897, 0.6, 1, -0.0115974, 0.72083, 0.0350446, 0.692128, 0.633333, 1, -0.00679912, 0.601337, 0.0288694, 0.798445, 0.666667, 1, -0.00355543, 0.319011, 0.0143746, 0.947635, 0.7, 1, -0.00352999, 0.464829, 0.0212609, 0.885138, 0.733333, 1, -0.00554892, 0.581699, 0.0272293, 0.812929, 0.766667, 1, -0.00883673, 0.667589, 0.0317148, 0.743801, 0.8, 1, -0.0125852, 0.738552, 0.0356354, 0.673136, 0.833333, 1, -0.0169576, 0.796892, 0.0388787, 0.602631, 0.866667, 1, -0.0219087, 0.849359, 0.0413523, 0.525736, 0.9, 1, -0.0268881, 0.890752, 0.0429043, 0.45166, 0.933333, 1, -0.0312337, 0.920768, 0.0438344, 0.386379, 0.966667, 1, -0.0350308, 0.9412, 0.0442185, 0.333108, 1, 1, -0.037619, 0.952948, 0.0443375, 0.297504, 1.03333, 1, -0.0334722, 0.933602, 0.0441183, 0.354005, 1.06667, 1, -0.0266312, 0.890631, 0.043001, 0.451904, 1.1, 1, -0.0202965, 0.833165, 0.0405753, 0.551161, 1.13333, 1, -0.0152757, 0.773978, 0.0375369, 0.631915, 1.16667, 1, -0.0123696, 0.726042, 0.0351154, 0.686642, 1.2, 1, -0.0119004, 0.718048, 0.0347124, 0.695026, 1.23333, 1, -0.012298, 0.724826, 0.0350541, 0.68793, 1.26667, 1, -0.0111955, 0.704285, 0.0339304, 0.709018, 1.3, 1, -0.00876294, 0.65747, 0.0313831, 0.752776)
tracks/5/type = "rotation_3d"
tracks/5/imported = true
tracks/5/enabled = true
tracks/5/path = NodePath("Skeleton3D:leg_A_Thigh_L_skin_032")
tracks/5/interp = 1
tracks/5/loop_wrap = true
tracks/5/keys = PackedFloat32Array(0, 1, -0.186718, -0.0614461, -0.222301, 0.954957, 0.0333333, 1, -0.20603, -0.133139, -0.212089, 0.945962, 0.0666667, 1, -0.221094, -0.186567, -0.204241, 0.935198, 0.1, 1, -0.231742, -0.221209, -0.198432, 0.926276, 0.133333, 1, -0.239437, -0.248813, -0.193033, 0.918423, 0.166667, 1, -0.244888, -0.275107, -0.18679, 0.910744, 0.2, 1, -0.25238, -0.316293, -0.173472, 0.89787, 0.233333, 1, -0.257088, -0.35874, -0.149785, 0.884746, 0.266667, 1, -0.252973, -0.398685, -0.113839, 0.874126, 0.3, 1, -0.232179, -0.436834, -0.0625974, 0.866805, 0.333333, 1, -0.194713, -0.469154, -0.00521481, 0.861368, 0.366667, 1, -0.175105, -0.447332, 0.00565838, 0.877041, 0.4, 1, -0.136364, -0.398536, 0.0153474, 0.906829, 0.433333, 1, -0.083554, -0.372165, 0.0123178, 0.924316, 0.466667, 1, -0.0275023, -0.37501, -0.00153392, 0.926611, 0.5, 1, 0.0156663, -0.424432, -0.0243372, 0.904997, 0.533333, 1, -0.00166348, -0.448359, -0.0626489, 0.891654, 0.566667, 1, -0.0526753, -0.467898, -0.0813946, 0.878449, 0.6, 1, -0.149429, -0.448482, -0.126232, 0.872124, 0.633333, 1, -0.201912, -0.307224, -0.157166, 0.916594, 0.666667, 1, -0.186059, -0.0617442, -0.222846, 0.954939, 0.7, 1, -0.205412, -0.133429, -0.212683, 0.945922, 0.733333, 1, -0.22051, -0.18685, -0.204871, 0.935142, 0.766667, 1, -0.231181, -0.221486, -0.199084, 0.92621, 0.8, 1, -0.238896, -0.249086, -0.193703, 0.918349, 0.833333, 1, -0.244366, -0.275377, -0.187475, 0.910662, 0.866667, 1, -0.25189, -0.316561, -0.17418, 0.897776, 0.9, 1, -0.256637, -0.359014, -0.150514, 0.884642, 0.933333, 1, -0.252564, -0.398975, -0.114586, 0.874014, 0.966667, 1, -0.231818, -0.43716, -0.0633522, 0.866682, 1, 1, -0.1944, -0.469527, -0.0059664, 0.86123, 1.03333, 1, -0.17478, -0.447729, 0.00492341, 0.876908, 1.06667, 1, -0.136005, -0.398971, 0.0146494, 0.906703, 1.1, 1, -0.0831715, -0.372629, 0.0116561, 0.924172, 1.13333, 1, -0.0271123, -0.375492, -0.00216836, 0.926426, 1.16667, 1, 0.0160344, -0.424907, -0.0249686, 0.90475, 1.2, 1, -0.00129302, -0.448797, -0.0632981, 0.891388, 1.23333, 1, -0.0523111, -0.468296, -0.082077, 0.878195, 1.26667, 1, -0.14834, -0.431232, -0.128703, 0.880607, 1.3, 1, -0.200712, -0.362188, -0.149906, 0.89781)
tracks/6/type = "rotation_3d"
tracks/6/imported = true
tracks/6/enabled = true
tracks/6/path = NodePath("Skeleton3D:leg_A_Clav_L_skin_031")
tracks/6/interp = 1
tracks/6/loop_wrap = true
tracks/6/keys = PackedFloat32Array(0, 1, 0.0613774, 0.0595193, 0.934412, -0.34578, 0.0333333, 1, 0.0615256, 0.0593661, 0.933547, -0.348108, 0.0666667, 1, 0.061917, 0.0589578, 0.931224, -0.354277, 0.1, 1, 0.0624878, 0.0583525, 0.927732, -0.363322, 0.133333, 1, 0.0631743, 0.0576085, 0.923366, -0.374281, 0.2, 1, 0.0646443, 0.055954, 0.913368, -0.398056, 0.233333, 1, 0.0653023, 0.0551847, 0.908591, -0.408843, 0.266667, 1, 0.0658362, 0.0545466, 0.90457, -0.417665, 0.3, 1, 0.0661956, 0.0541099, 0.901787, -0.42364, 0.333333, 1, 0.0663303, 0.0539447, 0.900728, -0.425887, 0.366667, 1, 0.0746577, 0.0581568, 0.901434, -0.422446, 0.4, 1, 0.0936357, 0.0674774, 0.902986, -0.413878, 0.433333, 1, 0.116339, 0.07829, 0.904723, -0.40226, 0.466667, 1, 0.135449, 0.0867458, 0.906619, -0.39009, 0.533333, 1, 0.134932, 0.0865165, 0.914642, -0.371132, 0.566667, 1, 0.114918, 0.0785957, 0.921581, -0.36236, 0.6, 1, 0.0907475, 0.0697462, 0.928107, -0.354284, 0.633333, 1, 0.0704033, 0.0625396, 0.932657, -0.348256, 0.666667, 1, 0.0614063, 0.0594611, 0.934401, -0.345815, 0.7, 1, 0.0615543, 0.0593078, 0.933536, -0.348144, 0.733333, 1, 0.0619453, 0.0588993, 0.931213, -0.354312, 0.766667, 1, 0.0625155, 0.0582937, 0.927721, -0.363357, 0.8, 1, 0.0632014, 0.0575494, 0.923353, -0.374316, 0.866667, 1, 0.0646698, 0.0558942, 0.913355, -0.398091, 0.9, 1, 0.0653271, 0.0551246, 0.908578, -0.408877, 0.933333, 1, 0.0658604, 0.0544862, 0.904556, -0.4177, 0.966667, 1, 0.0662194, 0.0540494, 0.901772, -0.423674, 1, 1, 0.0663539, 0.0538841, 0.900714, -0.425921, 1.03333, 1, 0.0746813, 0.0580967, 0.90142, -0.422481, 1.06667, 1, 0.0936596, 0.0674182, 0.902971, -0.413915, 1.1, 1, 0.116363, 0.078232, 0.904708, -0.402298, 1.13333, 1, 0.135473, 0.086689, 0.906604, -0.390129, 1.2, 1, 0.134958, 0.0864602, 0.914627, -0.371171, 1.23333, 1, 0.114945, 0.0785389, 0.921567, -0.362399, 1.26667, 1, 0.0888518, 0.0689832, 0.928583, -0.353667, 1.3, 1, 0.0744801, 0.0638939, 0.931815, -0.349414)
tracks/7/type = "rotation_3d"
tracks/7/imported = true
tracks/7/enabled = true
tracks/7/path = NodePath("Skeleton3D:leg_B_Toe_L_skin_041")
tracks/7/interp = 1
tracks/7/loop_wrap = true
tracks/7/keys = PackedFloat32Array(0, 1, -0.0277148, 0.0531335, -0.0567235, 0.99659, 0.0333333, 1, -0.0229034, 0.0342852, -0.0465471, 0.998065, 0.0666667, 1, -0.011997, 0.0293847, -0.0169214, 0.999353, 0.1, 1, -0.00245572, 0.0432501, 0.00872685, 0.999023, 0.133333, 1, -0.00101696, 0.0933086, 0.0123585, 0.99556, 0.166667, 1, -0.0126688, 0.127144, -0.0142667, 0.991701, 0.2, 1, -0.019901, 0.126342, -0.0299638, 0.991334, 0.233333, 1, -0.00772325, 0.081134, -0.000815166, 0.996673, 0.266667, 1, -0.00077863, 0.0545101, 0.0133905, 0.998423, 0.3, 1, -0.00318896, 0.049981, 0.00737757, 0.998718, 0.333333, 1, 0.000179573, 0.0344599, 0.0171343, 0.999259, 0.366667, 1, -0.00019625, 0.00710156, 0.0166137, 0.999837, 0.4, 1, -0.00511093, -0.0160313, 0.0026424, 0.999855, 0.433333, 1, -0.012348, -0.0192996, -0.0210344, 0.999516, 0.466667, 1, -0.0158491, -0.010885, -0.0327091, 0.99928, 0.5, 1, -0.0156888, 0.00126509, -0.0304071, 0.999414, 0.533333, 1, -0.0105624, 0.0159529, -0.0133908, 0.999727, 0.566667, 1, -0.0106438, 0.0189908, -0.0140763, 0.999664, 0.6, 1, -0.0153556, 0.0329317, -0.0254335, 0.999016, 0.633333, 1, -0.0221276, 0.0546083, -0.0422103, 0.99737, 0.666667, 1, -0.0276672, 0.0532865, -0.0569475, 0.99657, 0.7, 1, -0.0229414, 0.034199, -0.0467621, 0.998057, 0.733333, 1, -0.0120604, 0.0295262, -0.0170902, 0.999345, 0.766667, 1, -0.00251319, 0.0433916, 0.00855571, 0.999018, 0.8, 1, -0.00106522, 0.0934496, 0.0121845, 0.995549, 0.833333, 1, -0.0127149, 0.127285, -0.0144407, 0.99168, 0.866667, 1, -0.0199494, 0.126483, -0.0301366, 0.99131, 0.9, 1, -0.0077755, 0.0812755, -0.000987676, 0.996661, 0.933333, 1, -0.000833494, 0.0546516, 0.0132185, 0.998418, 0.966667, 1, -0.00324545, 0.0501225, 0.00720617, 0.998712, 1, 1, 0.000121805, 0.0346015, 0.0169634, 0.999257, 1.03333, 1, -0.000258748, 0.00724338, 0.0164446, 0.999839, 1.06667, 1, -0.0051793, -0.0158896, 0.00247542, 0.999857, 1.1, 1, -0.0124202, -0.0191584, -0.0212001, 0.999515, 1.13333, 1, -0.0159215, -0.0107439, -0.0328748, 0.999275, 1.16667, 1, -0.0157589, 0.00140626, -0.0305737, 0.999407, 1.2, 1, -0.0106276, 0.0160944, -0.0135591, 0.999722, 1.23333, 1, -0.0107086, 0.0191323, -0.0142448, 0.999658, 1.26667, 1, -0.0161714, 0.0331722, -0.0275099, 0.99894, 1.3, 1, -0.0204803, 0.0545302, -0.0378613, 0.997584)
tracks/8/type = "rotation_3d"
tracks/8/imported = true
tracks/8/enabled = true
tracks/8/path = NodePath("Skeleton3D:leg_B_Ankle_L_skin_040")
tracks/8/interp = 1
tracks/8/loop_wrap = true
tracks/8/keys = PackedFloat32Array(0, 1, 0.0637509, 0.276238, 0.00308859, 0.958968, 0.0333333, 1, 0.0630444, 0.286747, 0.00190749, 0.955928, 0.0666667, 1, 0.0653865, 0.291752, 0.000490543, 0.954257, 0.1, 1, 0.081963, 0.288284, -0.00461273, 0.954019, 0.133333, 1, 0.117983, 0.270046, -0.0139411, 0.95549, 0.166667, 1, 0.173497, 0.246325, -0.0259223, 0.953179, 0.2, 1, 0.216614, 0.228762, -0.0335272, 0.948484, 0.233333, 1, 0.204651, 0.233664, -0.0317753, 0.950005, 0.266667, 1, 0.190319, 0.217486, -0.0256005, 0.956986, 0.3, 1, 0.177669, 0.135488, -0.0107535, 0.97466, 0.333333, 1, 0.11265, 0.0480491, 0.00369996, 0.992465, 0.366667, 1, 0.0403702, -0.0340038, 0.00536626, 0.998592, 0.4, 1, -0.0124542, -0.090486, -0.000937024, 0.995819, 0.433333, 1, -0.03705, -0.0924821, -0.00309187, 0.99502, 0.466667, 1, -0.0366998, -0.0342684, 0.00439877, 0.998729, 0.5, 1, -0.0253842, 0.0665872, 0.0164231, 0.997322, 0.533333, 1, -0.00370984, 0.163703, 0.0230578, 0.986233, 0.566667, 1, 0.0413595, 0.219435, 0.0178341, 0.974587, 0.6, 1, 0.0613385, 0.247288, 0.0106073, 0.96694, 0.633333, 1, 0.0626999, 0.263551, 0.00662978, 0.962583, 0.666667, 1, 0.0644237, 0.276147, 0.00381966, 0.958946, 0.7, 1, 0.0636751, 0.287158, 0.0025897, 0.955761, 0.733333, 1, 0.0660515, 0.291685, 0.0012074, 0.95423, 0.766667, 1, 0.0826299, 0.28823, -0.00389722, 0.953981, 0.8, 1, 0.118661, 0.270017, -0.0132367, 0.955424, 0.833333, 1, 0.174186, 0.246333, -0.0252333, 0.95307, 0.866667, 1, 0.217308, 0.228799, -0.0328509, 0.94834, 0.9, 1, 0.205344, 0.233693, -0.0310954, 0.949871, 0.933333, 1, 0.191025, 0.217502, -0.0249323, 0.95686, 0.966667, 1, 0.178428, 0.135484, -0.0101473, 0.974528, 1, 1, 0.113465, 0.047999, 0.00423418, 0.992373, 1.03333, 1, 0.0412306, -0.0340907, 0.00582668, 0.998551, 1.06667, 1, -0.0115682, -0.0905932, -0.000531114, 0.995821, 1.1, 1, -0.0361636, -0.0925993, -0.00269055, 0.995043, 1.13333, 1, -0.0358392, -0.034392, 0.00485115, 0.998754, 1.16667, 1, -0.024575, 0.0664587, 0.0169612, 0.997342, 1.2, 1, -0.00295791, 0.163581, 0.0236749, 0.986241, 1.23333, 1, 0.0420751, 0.21934, 0.0184972, 0.974565, 1.26667, 1, 0.062347, 0.2492, 0.010928, 0.966381, 1.3, 1, 0.0627635, 0.259644, 0.00831103, 0.963627)
tracks/9/type = "rotation_3d"
tracks/9/imported = true
tracks/9/enabled = true
tracks/9/path = NodePath("Skeleton3D:leg_B_Knee_L_skin_039")
tracks/9/interp = 1
tracks/9/loop_wrap = true
